G:\Emzi\DDisk\user_5_cpp\cancer_FluoSpectra\Diseases2010\BCC\Dimitar_Vasilev\
1.000000
2.046748
5.773945
8.081861
1.739899
1.514431
1.292448
1.129111
1.003852
0.927109
0.842662
0.782934
0.748676
0.737724
0.741793
0.747944
0.755184
0.752485
0.747774
0.755822
0.763270
0.773673
0.790434
0.814973
0.830158
0.848301
0.881088
0.903081
0.923478
0.937281
0.949195
0.960018
0.981123
1.000942
1.017474
1.041485
1.052483
1.066278
1.060859
1.058817
1.077539
1.099604
1.120124
1.152397
1.161147
1.153738
1.178330
1.164759
1.145595
1.152339
1.148089
1.128382
1.109695
1.096822
1.089419
1.068832
1.043248
1.031638
1.023035
1.028129
1.012450
1.020521
1.008267
0.994743
0.998430
0.994373
0.980268
0.987791
0.982968
0.979206
0.975231
0.969914
0.968813
0.966100
0.954785
0.958886
0.979850
0.972161
0.960501
0.965540
0.954475
